0
0
0
0
0
0
0
0
0
0
0
0
0
0
0
0
0
0
0
0
0
0
0
0
0
0
0
0
0
0
0
0
0
0
0
0
0
0
0
0
0
0
0
0
0
0
0
0
0
0
1
0
0
0
0
0
0
0
1
0
0
0
0
0
0
0
1
0
0
1
1
1
0
2
0
1
1
0
0
1
2
1
4
2
2
4
4
4
9
5
4
3
5
7
8
4
9
3
11
8
8
7
15
15
12
17
12
23
26
18
19
30
20
20
32
26
32
26
30
38
25
21
40
39
41
37
28
56
42
33
48
44
50
42
49
48
45
32
42
44
34
54
45
52
54
47
46
58
47
54
54
48
46
58
51
41
50
56
51
53
59
44
54
63
56
55
45
54
67
56
49
57
56
40
66
66
46
50
50
58
54
56
47
61
51
56
46
44
43
53
58
51
51
52
47
53
53
42
52
50
42
47
40
40
45
47
50
43
32
24
42
37
40
49
42
46
44
42
36
41
43
31
35
42
35
28
38
34
30
31
37
30
16
26
35
38
28
30
39
36
28
35
24
22
17
33
25
33
33
26
25
27
25
26
21
25
24
18
15
31
27
29
14
27
27
26
22
18
30
33
28
19
27
24
28
25
18
26
23
32
27
22
26
21
23
22
23
18
36
21
21
12
26
21
20
28
24
16
24
20
21
249950
492897
488271
1 - 10 : 249950
not in 1 - 10 : 492897
total : 488271
