0
0
0
0
0
0
0
0
0
0
0
0
0
0
0
0
0
0
0
0
0
0
0
0
0
0
0
0
0
0
0
0
0
0
0
0
0
0
0
0
0
0
0
0
0
0
0
0
0
0
0
0
0
0
0
0
0
0
0
0
1
0
0
0
1
1
1
1
1
0
1
0
0
4
2
0
4
1
1
2
3
2
4
4
5
4
4
10
5
2
2
8
8
4
5
5
14
11
8
12
17
10
20
13
18
19
16
22
13
22
29
22
20
19
27
35
30
20
29
34
31
31
27
40
35
40
39
43
46
38
46
35
60
43
47
45
46
49
52
46
53
45
48
58
49
47
48
58
65
51
56
72
55
62
46
82
61
46
51
60
69
51
59
54
73
44
62
47
66
62
61
54
54
58
62
53
52
60
50
70
54
60
58
60
60
58
53
49
45
59
68
57
45
44
50
49
47
40
45
48
41
36
43
35
45
45
35
38
43
37
31
36
37
27
44
42
39
35
32
32
36
30
39
29
37
28
25
30
33
18
33
30
26
31
26
25
27
26
24
32
27
37
28
24
24
25
20
29
16
18
30
27
17
21
24
24
22
27
23
19
23
26
21
22
19
26
15
22
22
24
27
25
23
15
24
20
27
9
21
21
17
26
12
31
33
11
24
24
24
16
16
22
17
23
12
25
24
25
19
22
20
257282
481284
477019
1 - 10 : 257282
not in 1 - 10 : 481284
total : 477019
