0
0
0
0
0
0
0
0
0
0
0
0
0
0
0
0
0
0
0
0
0
0
0
0
0
0
0
0
0
0
0
0
0
0
0
0
0
0
0
0
0
0
0
0
0
0
0
0
1
0
0
0
1
0
1
0
0
1
0
0
0
2
0
0
0
0
2
0
1
2
0
1
1
2
1
0
2
2
1
1
4
2
8
3
2
5
3
8
6
4
9
7
4
3
7
9
6
7
9
12
12
13
10
12
20
14
13
22
17
16
23
26
24
22
24
32
19
30
27
27
43
36
35
32
26
36
42
50
43
30
44
39
40
51
44
44
48
50
39
41
50
49
44
47
52
52
49
41
45
54
48
51
55
52
53
49
64
66
48
54
64
55
58
73
56
63
50
56
69
60
55
66
59
68
47
54
61
58
66
67
51
62
55
62
51
62
53
52
52
54
59
41
45
49
52
58
48
47
40
48
48
49
41
45
49
41
44
42
41
36
36
43
33
33
38
32
25
34
29
37
31
36
28
32
30
29
32
32
27
31
28
28
22
27
42
23
44
32
21
36
25
31
28
32
35
22
21
23
24
28
20
28
17
23
22
19
33
21
17
23
13
19
26
15
23
16
22
25
25
31
27
20
19
26
27
28
16
17
29
21
23
18
13
23
29
19
34
20
25
27
24
19
21
23
17
20
18
24
18
18
11
248681
493312
488654
1 - 10 : 248681
not in 1 - 10 : 493312
total : 488654
