0
0
0
0
0
0
0
0
0
0
0
0
0
0
0
0
0
0
0
0
0
0
0
0
0
0
0
0
0
0
0
0
0
0
0
0
1
0
0
0
0
0
0
0
0
0
0
0
0
0
0
0
0
0
0
0
0
0
0
0
0
0
0
0
0
0
0
0
1
1
1
0
0
2
0
0
2
6
1
4
1
3
2
2
7
3
3
4
5
5
5
4
7
7
9
4
7
9
13
4
10
16
11
14
11
9
24
27
22
22
21
26
20
22
24
25
29
25
32
35
29
52
26
37
47
49
43
36
38
51
58
55
31
51
44
50
46
45
40
51
50
51
52
44
50
51
33
63
56
44
59
57
49
64
46
54
55
55
68
57
61
53
57
51
58
61
60
72
55
48
57
67
54
51
48
52
59
65
55
48
63
51
53
47
51
56
52
47
59
55
53
50
52
46
44
48
39
52
37
43
57
46
45
43
44
35
29
38
32
52
38
28
27
39
36
37
28
23
44
31
39
40
25
37
41
29
27
31
40
27
40
31
28
49
34
30
30
23
23
30
27
33
18
28
33
24
31
30
28
23
17
22
24
30
30
23
26
21
18
26
30
18
24
20
20
19
28
22
24
25
28
18
21
25
24
24
27
22
21
16
23
16
24
33
18
9
23
31
27
8
21
19
17
19
19
18
15
23
19
19
19
250714
495891
491223
1 - 10 : 250714
not in 1 - 10 : 495891
total : 491223
