0
0
0
0
0
0
0
0
0
0
0
0
0
0
0
0
0
0
0
0
0
0
0
0
0
0
0
0
0
0
0
0
0
0
0
1
0
0
0
0
0
0
0
0
0
0
0
0
0
0
0
0
0
1
0
0
0
1
1
1
0
0
0
0
0
0
0
0
0
0
0
0
1
0
2
0
1
2
2
2
2
2
1
2
3
6
3
3
4
6
3
7
6
9
13
15
7
7
6
9
10
12
5
15
16
18
11
12
25
18
28
25
26
19
21
19
30
35
34
27
35
34
34
30
32
32
35
38
39
29
31
52
47
43
47
46
47
53
51
58
35
61
61
63
38
53
42
49
59
45
52
62
54
59
61
46
56
62
47
59
54
63
57
58
55
65
49
55
59
57
57
65
57
47
54
56
61
46
57
58
53
61
60
52
56
64
57
53
49
55
44
42
45
52
42
52
45
51
48
40
52
42
40
45
34
42
43
43
30
39
42
57
36
32
32
30
35
42
32
54
39
43
40
32
39
34
43
39
43
36
34
30
36
31
36
27
34
26
28
34
32
31
28
18
26
36
16
42
30
24
19
23
27
24
19
26
21
33
17
18
32
26
17
25
23
16
23
27
30
20
25
26
26
18
26
25
23
27
27
20
19
18
19
21
23
26
19
20
25
26
17
25
18
18
21
19
22
21
17
23
17
247018
490414
485780
1 - 10 : 247018
not in 1 - 10 : 490414
total : 485780
