0
0
0
0
0
0
0
0
0
0
0
0
0
0
0
0
0
0
0
0
0
0
0
0
0
0
0
0
0
0
0
0
0
0
0
0
0
0
0
0
0
0
0
0
0
0
0
0
0
1
0
0
0
0
0
0
0
0
0
0
1
0
0
0
1
1
1
0
0
0
1
0
1
0
2
3
3
2
0
1
1
1
2
4
1
5
4
5
4
5
6
4
6
5
5
13
8
6
10
9
10
14
9
14
12
19
17
18
15
17
17
21
26
23
18
27
26
27
22
38
31
38
30
31
38
35
35
48
34
46
37
42
38
40
55
47
46
47
60
51
49
46
56
44
54
54
59
55
62
50
44
53
53
46
69
50
64
52
56
45
63
48
69
50
73
52
60
56
55
55
63
48
44
62
44
55
65
69
59
71
57
63
63
55
47
51
48
57
54
60
67
50
47
54
53
52
51
49
37
49
48
40
55
47
35
44
51
51
40
36
47
47
35
41
38
35
43
37
47
48
37
39
39
31
29
31
34
24
33
29
27
31
19
34
43
39
30
30
32
31
36
28
36
29
31
22
26
28
21
30
24
15
31
26
22
24
24
23
15
29
30
20
27
16
23
20
14
18
12
20
23
21
20
21
15
25
19
18
14
24
17
21
24
19
26
16
22
22
23
19
21
20
27
25
16
20
17
18
17
19
18
247243
495400
490675
1 - 10 : 247243
not in 1 - 10 : 495400
total : 490675
