0
0
0
0
0
0
0
0
0
0
0
0
0
0
0
0
0
0
0
0
0
0
0
0
0
0
0
0
0
0
0
0
0
0
0
0
0
0
0
0
0
0
0
0
0
0
0
1
0
2
1
0
0
0
0
0
0
0
1
0
0
0
1
0
0
1
0
1
0
0
1
0
1
2
2
1
1
1
2
2
1
2
4
2
2
8
8
5
6
7
6
6
1
5
8
6
5
7
13
9
12
9
13
12
12
11
16
13
19
16
13
19
19
20
32
23
18
29
36
22
29
22
40
30
37
46
31
36
41
40
43
36
42
43
55
31
36
48
48
36
39
45
44
56
47
39
47
53
59
48
46
53
56
46
42
68
57
63
37
45
71
69
48
37
66
65
66
57
67
56
63
57
71
72
51
50
53
70
46
65
56
61
58
56
70
67
56
40
63
60
43
63
53
52
44
44
46
66
47
53
38
51
46
53
45
37
36
47
39
41
41
32
39
42
39
42
34
43
41
33
32
32
31
33
37
34
33
40
25
35
32
30
24
33
37
26
26
31
32
35
23
35
28
30
22
32
25
27
29
20
24
23
22
26
29
17
24
20
26
24
22
23
29
21
21
20
27
23
18
34
17
31
20
22
11
23
26
21
15
24
19
29
28
21
24
26
14
24
23
27
17
21
23
13
17
17
21
26
19
17
27
251950
493295
488700
1 - 10 : 251950
not in 1 - 10 : 493295
total : 488700
