0
0
0
0
0
0
0
0
0
0
0
0
0
0
0
0
0
0
0
0
0
0
0
0
0
0
0
0
0
0
0
0
0
0
0
0
0
0
0
0
1
0
0
0
0
0
0
0
0
0
0
0
0
1
0
1
0
0
0
0
2
0
0
0
0
1
0
0
0
0
0
0
1
2
0
0
1
6
3
2
1
4
1
4
2
5
2
4
3
4
11
7
7
12
12
8
16
12
12
12
14
12
13
17
15
19
8
20
22
32
18
16
23
22
25
18
24
30
24
26
28
41
28
35
32
41
27
34
43
49
47
50
47
53
43
59
48
47
44
46
45
55
45
42
53
52
44
52
43
47
49
52
57
52
76
41
63
55
58
55
56
52
38
68
56
58
43
51
51
48
56
43
56
53
57
56
56
52
58
53
37
44
55
43
56
51
49
46
61
46
54
47
36
47
53
39
49
53
57
47
41
62
45
44
40
53
42
40
48
44
38
36
44
37
41
35
34
35
42
28
35
37
23
46
32
34
39
34
38
26
29
37
34
41
30
23
30
32
27
43
27
20
22
38
26
26
28
30
33
27
30
25
29
27
31
21
15
17
25
13
26
17
24
24
23
27
23
27
17
18
24
28
20
28
27
21
27
26
24
27
16
27
31
26
36
19
31
21
15
22
24
21
16
26
28
18
22
26
22
19
19
248903
498005
493262
1 - 10 : 248903
not in 1 - 10 : 498005
total : 493262
