0
0
0
0
0
0
0
0
0
0
0
0
0
0
0
0
0
0
0
0
0
0
0
0
0
0
0
0
0
0
0
0
0
0
0
0
0
0
0
0
0
0
0
1
1
0
0
0
0
0
0
0
0
0
0
0
0
0
0
1
0
0
0
0
1
0
0
2
1
1
0
0
0
1
1
1
1
1
2
1
1
2
1
2
1
2
2
2
4
2
4
9
7
7
4
12
10
8
6
3
17
11
9
6
14
16
13
18
8
14
25
18
31
24
29
25
23
25
32
26
29
36
34
39
38
32
44
30
35
40
47
40
56
43
44
38
45
50
48
47
50
49
54
40
59
38
47
35
61
54
53
40
59
59
62
49
64
57
71
64
57
51
63
63
64
57
75
60
53
51
53
55
61
58
61
61
64
67
73
58
56
55
55
49
48
68
49
57
50
57
46
41
59
58
47
56
46
48
47
49
54
42
41
41
46
43
48
40
42
42
40
40
36
41
44
37
37
39
32
36
36
32
32
54
30
27
29
39
29
26
22
28
37
24
24
30
29
23
31
25
28
25
30
26
42
21
27
22
30
25
16
30
24
20
25
19
27
13
25
20
17
30
21
24
25
15
11
14
22
12
10
17
28
19
25
22
13
23
21
12
15
16
16
18
19
17
22
20
19
14
16
22
18
24
10
16
14
23
18
15
24
253438
495267
490663
1 - 10 : 253438
not in 1 - 10 : 495267
total : 490663
