0
0
0
0
0
0
0
0
0
0
0
0
0
0
0
0
0
0
0
0
0
0
0
0
0
0
0
0
0
0
0
0
0
0
0
0
0
0
0
0
0
0
0
1
0
0
0
0
0
0
0
0
1
0
0
1
0
1
1
0
0
0
1
0
2
0
0
1
0
0
1
2
0
1
0
0
1
4
2
2
6
3
3
1
7
8
7
4
5
8
6
6
7
7
11
12
10
7
4
13
14
10
16
16
15
16
14
24
16
13
17
20
26
21
30
34
22
27
33
34
28
31
29
39
34
41
27
50
50
35
44
44
40
51
35
50
36
49
43
38
35
44
60
49
40
56
47
49
47
56
46
49
64
67
53
57
58
63
52
62
44
50
56
54
50
47
47
69
51
54
58
57
61
65
51
62
56
53
45
47
60
53
56
61
50
54
52
56
63
51
43
43
61
53
44
46
41
50
47
46
57
54
44
46
49
41
43
36
45
45
26
44
46
52
52
27
39
34
39
54
39
46
24
38
40
35
28
31
36
36
38
32
30
33
26
39
34
20
34
32
29
27
26
32
34
35
22
20
40
17
33
25
33
25
22
23
31
24
22
24
32
17
31
26
29
24
25
25
13
24
26
18
20
11
28
19
27
18
23
24
23
17
23
18
25
23
16
22
14
20
24
18
21
18
23
20
20
13
13
20
16
247563
496683
491939
1 - 10 : 247563
not in 1 - 10 : 496683
total : 491939
